180.0
180.0
180.89552
210.44775
211.34328
212.2388
219.40298
220.29851
213.13434
211.34328
208.65671
207.7612
208.65671
208.65671
209.55225
209.55225
209.55225
209.55225
208.65671
208.65671
208.65671
208.65671
207.7612
206.86568
208.65671
207.7612
206.86568
207.7612
206.86568
207.7612
208.65671
208.65671
210.44775
209.55225
210.44775
210.44775
210.44775
210.44775
209.55225
209.55225
209.55225
210.44775
210.44775
211.34328
211.34328
210.44775
210.44775
210.44775
211.34328
208.65671
207.7612
205.07463
200.59702
195.22388
188.05971
180.0
171.04477
159.40298
148.65672
137.01492
128.95523
118.208954
99.402985
84.17911
71.641785
58.208954
48.358215
39.402985
32.2388
25.074615
19.701492
17.910446
13.432831
15.223877
17.014923
16.1194
15.223877
14.328354
17.910446
19.701492
21.492538
29.55223
38.50746
48.358215
60.895523
76.1194
90.44776
106.56716
123.58209
141.49254
156.71642
172.83582
185.37314
194.32835
198.80597
204.17911
205.97015
206.86568
208.65671
209.55225
210.44775
209.55225
207.7612
205.97015
203.28358
198.80597
188.95523
181.79105
173.73134
164.77612
155.82089
146.86566
137.01492
125.37314
118.208954
107.46269
107.46269
87.76119
77.910446
66.26866
58.208954
51.940292
43.8806
34.925385
30.44777
25.970154
25.970154
25.970154
27.7612
27.7612
28.656723
28.656723
28.656723
28.656723
29.55223
30.44777
31.343277
36.71643
41.19403
43.8806
49.253723
57.31343
67.16418
75.223885
85.07463
94.92537
107.46269
121.791046
135.22388
149.55225
162.08955
175.52238
182.68657
187.16418
196.1194
200.59702
205.97015
211.34328
212.2388
212.2388
210.44775
210.44775
209.55225
209.55225
211.34328
210.44775
210.44775
208.65671
207.7612
203.28358
196.1194
183.58209
174.62686
162.08955
154.02985
143.28358
130.74628
120.0
102.98508
90.44776
77.910446
68.0597
55.522385
42.089554
34.925385
30.44777
31.343277
27.7612
28.656723
29.55223
29.55223
31.343277
29.55223
29.55223
28.656723
30.44777
31.343277
34.029846
40.298508
43.8806
52.83583
62.68656
76.1194
90.44776
109.25373
126.268654
143.28358
160.29851
171.94029
184.47762
193.43283
199.70149
204.17911
209.55225
209.55225
211.34328
210.44775
208.65671
210.44775
210.44775
210.44775
210.44775
210.44775
210.44775
210.44775
209.55225
210.44775
210.44775
210.44775
209.55225
209.55225
206.86568
205.07463
203.28358
199.70149
190.74626
182.68657
180.0
165.67165
153.13432
138.80597
126.268654
114.62686
105.67164
100.29851
93.13433
83.283585
73.43284
62.68656
48.358215
38.50746
28.656723
21.492538
16.1194
13.432831
12.537323
11.641785
10.746277
10.746277
11.641785
13.432831
15.223877
18.80597
22.388062
26.865677
38.50746
52.83583
67.16418
85.07463
101.19403
121.791046
140.59702
156.71642
173.73134
185.37314
196.1194
204.17911
212.2388
214.02985
216.71642
218.50746
218.50746
216.71642
215.82089
213.13434
209.55225
202.38806
193.43283
180.89552
164.77612
145.07463
130.74628
114.62686
101.19403
90.44776
79.70149
70.74627
61.791046
51.04477
37.61194
31.343277
25.970154
19.701492
17.910446
17.014923
17.910446
17.910446
19.701492
23.28357
28.656723
34.925385
46.56717
64.477615
79.70149
93.13433
109.25373
92.23881
142.38806
159.40298
166.56717
175.52238
185.37314
194.32835
201.49254
205.97015
207.7612
208.65671
208.65671
205.97015
200.59702
192.53731
179.10448
162.98508
146.86566
127.164185
107.46269
87.76119
71.641785
57.31343
47.462677
39.402985
34.925385
32.2388
30.44777
30.44777
29.55223
28.656723
29.55223
29.55223
30.44777
31.343277
32.2388
32.2388
33.134323
33.134323
33.134323
34.029846
33.134323
32.2388
31.343277
29.55223
27.7612
25.970154
23.28357
17.910446
14.328354
9.850739
6.2686615
1.7910461
-2.6865692
-7.1641693
-11.641785
-15.223877
-18.80597
-22.388062
-25.074615
-28.656723
-31.343277
-34.029846
-36.71643
-40.298508
-42.089554
-44.776123
-46.56717
-48.358215
-49.253723
-50.14926
-50.14926
-51.04477
-51.04477
